   2     1     1  191.290588   -8.257166
   2     2     2  191.481110   -7.056890
   2     3     3  192.693527   -7.244194
   2     4     4  192.505905   -8.444981
   3     1     5  191.741776   -5.445856
   3     2     6  191.932541   -4.245814
   3     3     7  193.135254   -4.433167
   3     4     8  192.946762   -5.633712
   4     1     9  192.185547   -2.634086
   4     2    10  192.376419   -1.433995
   4     3    11  193.577911   -1.624816
   4     4    12  193.387115   -2.824779
   6     1    13  188.172272   -9.430790
   6     2    14  189.388702   -9.623694
   6     3    15  189.194977  -10.824872
   6     4    16  187.974014  -10.631063
   7     1    17  188.444794   -7.812156
   7     2    18  188.640121   -6.612731
   7     3    19  189.847977   -6.803854
   7     4    20  189.654648   -8.003675
   8     1    21  188.907974   -4.993007
   8     2    22  189.103012   -3.793648
   8     3    23  190.305573   -3.986853
   8     4    24  190.111847   -5.186359
   9     1    25  190.564606   -2.367378
   9     2    26  189.364471   -2.171558
   9     3    27  189.559341   -0.973010
   9     4    28  190.758942   -1.167472
  10     1    29  191.017059    0.450028
  10     2    30  189.817917    0.647028
  10     3    31  190.013199    1.845292
  10     4    32  191.212799    1.648149
  11     1    33  185.328232   -8.968096
  11     2    34  186.541855   -9.168252
  11     3    35  186.340042  -10.368380
  11     4    36  185.122101  -10.167611
  12     1    37  185.804321   -6.151729
  12     2    38  187.010239   -6.350348
  12     3    39  186.812134   -7.548221
  12     4    40  185.603333   -7.348728
  13     1    41  186.275818   -3.331029
  13     2    42  187.476929   -3.528063
  13     3    43  187.280350   -4.726588
  13     4    44  186.077560   -4.529138
  14     1    45  187.742813   -1.907993
  14     2    46  186.543411   -1.709110
  14     3    47  186.742401   -0.509223
  14     4    48  187.941376   -0.707112
  15     1    49  188.209244    0.914793
  15     2    50  187.010025    1.111886
  15     3    51  187.206879    2.311663
  15     4    52  188.406769    2.114034
  16     1    53  182.488632   -8.486791
  16     2    54  183.699509   -8.693495
  16     3    55  183.493195   -9.889764
  16     4    56  182.278275   -9.682266
  17     1    57  182.972717   -5.672918
  17     2    58  184.176666   -5.876775
  17     3    59  183.973770   -7.074006
  17     4    60  182.766968   -6.869813
  18     1    61  184.650925   -3.059630
  18     2    62  184.450241   -4.257972
  18     3    63  183.247314   -4.055356
  18     4    64  183.450577   -2.857412
  19     1    65  185.124252   -0.243110
  19     2    66  184.924545   -1.441563
  19     3    67  183.723282   -1.240246
  19     4    68  183.923691   -0.041909
  20     1    69  185.398315    1.375577
  20     2    70  184.199005    1.574226
  20     3    71  184.397614    2.774318
  20     4    72  185.597656    2.574825
  22     1    73  181.348602   -5.387890
  22     2    74  181.140533   -6.585180
  22     3    75  179.937454   -6.377342
  22     4    76  180.148270   -5.180482
  23     1    77  181.829666   -2.582092
  23     2    78  181.625092   -3.779915
  23     3    79  180.424011   -3.574095
  23     4    80  180.630524   -2.376623
  24     1    81  182.307343    0.224009
  24     2    82  182.105652   -0.974276
  24     3    83  180.906052   -0.771840
  24     4    84  181.108276    0.426428
