    2     1     1 190.637016  -8.763828
    2     1     1 190.827279  -7.576083
    2     1     1 191.942863  -7.749999
    2     1     1 191.755205  -8.938750
    2     2     2 191.019088  -6.376347
    2     2     2 190.829198  -7.564082
    2     2     2 191.944754  -7.737983
    2     2     2 192.131376  -6.549146
    2     3     3 193.342580  -6.735350
    2     3     3 193.159245  -7.924204
    2     3     3 192.042747  -7.753023
    2     3     3 192.229540  -6.564200
    2     4     4 192.972434  -9.124891
    2     4     4 193.157389  -7.936220
    2     4     4 192.040858  -7.765039
    2     4     4 191.852977  -8.953773
    3     1     5 191.091836  -5.951917
    3     1     5 191.281581  -4.764297
    3     1     5 192.390976  -4.939382
    3     1     5 192.202693  -6.127827
    3     2     6 191.473274  -3.564723
    3     2     6 191.283500  -4.752296
    3     2     6 192.392871  -4.927371
    3     2     6 192.580504  -3.738867
    3     3     7 193.782181  -3.925424
    3     3     7 193.597268  -5.113930
    3     3     7 192.487132  -4.941001
    3     3     7 192.674403  -3.752312
    3     4     8 193.409160  -6.314284
    3     4     8 193.595391  -5.125932
    3     4     8 192.485234  -4.953006
    3     4     8 192.297247  -6.141626
    4     1     9 191.537778  -3.139978
    4     1     9 191.726952  -1.952184
    4     1     9 192.833090  -2.127889
    4     1     9 192.644331  -3.316294
    4     2    10 191.918357  -0.752453
    4     2    10 191.728869  -1.940180
    4     2    10 192.834998  -2.115884
    4     2    10 193.023490  -0.927461
    4     3    11 194.224613  -1.118819
    4     3    11 194.036740  -2.306621
    4     3    11 192.930552  -2.131014
    4     3    11 193.119761  -0.942808
    4     4    12 193.845886  -3.506279
    4     4    12 194.034831  -2.318621
    4     4    12 192.928639  -2.143019
    4     4    12 192.739099  -3.331198
    6     1    13 187.662686  -8.782492
    6     1    13 188.864175  -8.974742
    6     1    13 188.683967 -10.079729
    6     1    13 187.478245  -9.886200
    6     2    14 190.078984  -9.165654
    6     2    14 188.876327  -8.976667
    6     2    14 188.696157 -10.081661
    6     2    14 189.903319 -10.270794
    6     3    15 189.710818 -11.472044
    6     3    15 188.499355 -11.282670
    6     3    15 188.681046 -10.177729
    6     3    15 189.888635 -10.367047
    6     4    16 187.277392 -11.085751
    6     4    16 188.487113 -11.280724
    6     4    16 188.668843 -10.175790
    6     4    16 187.462726  -9.981987
    7     1    17 187.789880  -8.316139
    7     1    17 187.984833  -7.129209
    7     1    17 189.098483  -7.307693
    7     1    17 188.905982  -8.495582
    7     2    18 188.181354  -5.930304
    7     2    18 187.986800  -7.117210
    7     2    18 189.100427  -7.295691
    7     2    18 189.291921  -6.107719
    7     3    19 190.498936  -6.298207
    7     3    19 190.309851  -7.486088
    7     3    19 189.195387  -7.309503
    7     3    19 189.387764  -6.121616
    7     4    20 190.117213  -8.685797
    7     4    20 190.307934  -7.498094
    7     4    20 189.193434  -7.321504
    7     4    20 188.999992  -8.509304
    8     1    21 188.256663  -5.496767
    8     1    21 188.450592  -4.309781
    8     1    21 189.558608  -4.488880
    8     1    21 189.366048  -5.676600
    8     2    22 188.646406  -3.110834
    8     2    22 188.452557  -4.297788
    8     2    22 189.560551  -4.476877
    8     2    22 189.752501  -3.289093
    8     3    23 190.954336  -3.482104
    8     3    23 190.764156  -4.669563
    8     3    23 189.655695  -4.491705
    8     3    23 189.848092  -3.304039
    8     4    24 190.570727  -5.868847
    8     4    24 190.762228  -4.681562
    8     4    24 189.653748  -4.503707
    8     4    24 189.460698  -5.691320
    9     1    25 191.068753  -3.016031
    9     1    25 189.880190  -2.823059
    9     1    25 190.060719  -1.718488
    9     1    25 191.248811  -1.911935
    9     2    26 188.680119  -2.626292
    9     2    26 189.868184  -2.821100
    9     2    26 190.048711  -1.716529
    9     2    26 188.860864  -1.522313
    9     3    27 189.055593  -0.324725
    9     3    27 190.242707  -0.516914
    9     3    27 190.063531  -1.621668
    9     3    27 188.875552  -1.428733
    9     4    28 191.441772  -0.711538
    9     4    28 190.254702  -0.518854
    9     4    28 190.075541  -1.623616
    9     4    28 191.263747  -1.815880
   10     1    29 191.519590  -0.199380
   10     1    29 190.332763  -0.004706
   10     1    29 190.514244   1.099756
   10     1    29 191.701691   0.904441
   10     2    30 189.134027   0.192526
   10     2    30 190.320768  -0.002737
   10     2    30 190.502246   1.101726
   10     2    30 189.314636   1.296596
   10     3    31 189.510033   2.494561
   10     3    31 190.697920   2.300200
   10     3    31 190.516233   1.195759
   10     3    31 189.328602   1.390648
   10     4    32 191.897384   2.102225
   10     4    32 190.709923   2.298223
   10     4    32 190.528231   1.193790
   10     4    32 191.715687   0.998359
   11     1    33 184.823183  -8.316797
   11     1    33 186.022012  -8.516151
   11     1    33 185.835281  -9.620014
   11     1    33 184.632454  -9.419422
   11     2    34 187.234117  -8.714401
   11     2    34 186.034132  -8.518153
   11     2    34 185.847443  -9.622023
   11     2    34 187.051693  -9.818429
   11     3    35 186.851201 -11.018545
   11     3    35 185.642805 -10.822102
   11     3    35 185.830742  -9.718279
   11     3    35 187.035414  -9.914594
   11     4    36 184.423913 -10.618401
   11     4    36 185.630603 -10.820093
   11     4    36 185.818577  -9.716270
   11     4    36 184.615350  -9.515680
   12     1    37 185.301089  -5.501268
   12     1    37 186.493067  -5.698579
   12     1    37 186.308996  -6.802710
   12     1    37 185.114159  -6.604361
   12     2    38 187.697826  -5.896013
   12     2    38 186.505116  -5.700563
   12     2    38 186.321070  -6.804698
   12     2    38 187.516896  -7.000117
   12     3    39 187.319380  -8.198028
   12     3    39 186.120832  -8.002365
   12     3    39 186.306158  -6.898354
   12     3    39 187.502168  -7.094135
   12     4    40 184.911456  -7.800631
   12     4    40 186.108727  -8.000366
   12     4    40 186.294071  -6.896358
   12     4    40 185.099063  -6.697556
   13     1    41 185.773177  -2.681469
   13     1    41 186.961176  -2.876678
   13     1    41 186.779334  -3.981019
   13     1    41 185.589579  -3.784951
   13     2    42 188.161480  -3.073251
   13     2    42 186.973177  -2.878648
   13     2    42 186.791360  -3.982993
   13     2    42 187.981668  -4.177361
   13     3    43 187.785377  -5.375703
   13     3    43 186.593558  -5.181591
   13     3    43 186.776032  -4.077292
   13     3    43 187.966493  -4.271766
   13     4    44 185.390552  -4.982572
   13     4    44 186.581513  -5.179614
   13     4    44 186.764010  -4.075318
   13     4    44 185.574137  -3.879050
   14     1    45 188.245089  -2.558019
   14     1    45 187.057377  -2.361928
   14     1    45 187.240672  -1.257717
   14     1    45 188.428098  -1.454308
   14     2    46 185.858104  -2.162214
   14     2    46 187.045373  -2.359934
   14     2    46 187.228675  -1.255725
   14     2    46 186.041433  -1.058565
   14     3    47 186.240431   0.140485
   14     3    47 187.427043  -0.054975
   14     3    47 187.244735  -1.159310
   14     3    47 186.057411  -0.963091
   14     4    48 188.625525  -0.253171
   14     4    48 187.439034  -0.056955
   14     4    48 187.256734  -1.161291
   14     4    48 188.444213  -1.357031
   15     1    49 188.711629   0.265350
   15     1    49 187.524861   0.460178
   15     1    49 187.706451   1.564587
   15     1    49 188.894028   1.369059
   15     2    50 186.326136   0.657399
   15     2    50 187.512864   0.462153
   15     2    50 187.694450   1.566563
   15     2    50 186.506647   1.761428
   15     3    51 186.703720   2.961116
   15     3    51 187.892011   2.766342
   15     3    51 187.709827   1.661973
   15     3    51 186.521986   1.857220
   15     4    52 189.091808   2.567774
   15     4    52 187.904021   2.764365
   15     4    52 187.721829   1.659997
   15     4    52 188.909426   1.463999
   16     1    53 181.987764  -7.832840
   16     1    53 183.184003  -8.038554
   16     1    53 182.991410  -9.141362
   16     1    53 181.791378  -8.934406
   16     2    54 184.393450  -8.243478
   16     2    54 183.196101  -8.040622
   16     2    54 183.003547  -9.143438
   16     2    54 184.204972  -9.346439
   16     3    55 183.999738 -10.542749
   16     3    55 182.794449 -10.339571
   16     3    55 182.988404  -9.236814
   16     3    55 184.190214  -9.439921
   16     4    56 181.578689 -10.129230
   16     4    56 182.782280 -10.337496
   16     4    56 182.976263  -9.234744
   16     4    56 181.775885  -9.027594
   17     1    57 182.472686  -5.020336
   17     1    57 183.662847  -5.222712
   17     1    57 183.474080  -6.326022
   17     1    57 182.281247  -6.122604
   17     2    58 184.865703  -5.425514
   17     2    58 183.674875  -5.224751
   17     2    58 183.486142  -6.328068
   17     2    58 184.679918  -6.528767
   17     3    59 184.477832  -7.725847
   17     3    59 183.281390  -7.525442
   17     3    59 183.470883  -6.422090
   17     3    59 184.664998  -6.622643
   17     4    60 182.074101  -7.319114
   17     4    60 183.269303  -7.523399
   17     4    60 183.458817  -6.420050
   17     4    60 182.265661  -6.216688
   18     1    61 185.302184  -2.558776
   18     1    61 185.104824  -3.745059
   18     1    61 183.998756  -3.560605
   18     1    61 184.197915  -2.374081
   18     2    62 184.904338  -4.943188
   18     2    62 185.102828  -3.757047
   18     2    62 183.996740  -3.572590
   18     2    62 183.797036  -4.759061
   18     3    63 182.593449  -4.554527
   18     3    63 182.795221  -3.368930
   18     3    63 183.900715  -3.555811
   18     3    63 183.699860  -4.742157
   18     4    64 182.999204  -2.171424
   18     4    64 182.797263  -3.356950
   18     4    64 183.902749  -3.543829
   18     4    64 184.103111  -2.357444
   19     1    65 185.774645   0.257961
   19     1    65 185.577545  -0.928312
   19     1    65 184.473489  -0.744405
   19     1    65 184.671330   0.442315
   19     2    66 185.377671  -2.126454
   19     2    66 185.575547  -0.940297
   19     2    66 184.471493  -0.756396
   19     2    66 184.273514  -1.943103
   19     3    67 183.072273  -1.740872
   19     3    67 183.270465  -0.554771
   19     3    67 184.374374  -0.739346
   19     3    67 184.176010  -1.925995
   19     4    68 183.471235   0.643213
   19     4    68 183.272474  -0.542788
   19     4    68 184.376382  -0.727357
   19     4    68 184.574663   0.459296
   20     1    69 185.899930   0.725359
   20     1    69 184.713185   0.921852
   20     1    69 184.896232   2.026141
   20     1    69 186.083953   1.828958
   20     2    70 183.514391   1.120482
   20     2    70 184.701186   0.923840
   20     2    70 184.884231   2.028129
   20     2    70 183.696226   2.224451
   20     3    71 183.895149   3.424522
   20     3    71 185.083723   3.228027
   20     3    71 184.899756   2.123872
   20     3    71 183.711780   2.320850
   20     4    72 186.283712   3.027451
   20     4    72 185.095733   3.226032
   20     4    72 184.911755   2.121878
   20     4    72 186.099416   1.923941
   22     1    73 182.004387  -4.890549
   22     1    73 181.800375  -6.075886
   22     1    73 180.691465  -5.885277
   22     1    73 180.898229  -4.699848
   22     2    74 181.592736  -7.273010
   22     2    74 181.798303  -6.087860
   22     2    74 180.689374  -5.897253
   22     2    74 180.481700  -7.082598
   22     3    75 179.277974  -6.872749
   22     3    75 179.487909  -5.688315
   22     3    75 180.596007  -5.881499
   22     3    75 180.387943  -7.066805
   22     4    76 179.699664  -4.491930
   22     4    76 179.490030  -5.676344
   22     4    76 180.598106  -5.869518
   22     4    76 180.805306  -4.684135
   23     1    77 182.482442  -2.083329
   23     1    77 182.281115  -3.269090
   23     1    77 181.176082  -3.080980
   23     1    77 181.379013  -1.894968
   23     2    78 182.076705  -4.466696
   23     2    78 182.279078  -3.281071
   23     2    78 181.174032  -3.092965
   23     2    78 180.970613  -4.278928
   23     3    79 179.769117  -4.071538
   23     3    79 179.973997  -2.886375
   23     3    79 181.078523  -3.076310
   23     3    79 180.874400  -4.262158
   23     4    80 180.181117  -1.689310
   23     4    80 179.976070  -2.874401
   23     4    80 181.080585  -3.064328
   23     4    80 181.284268  -1.878451
   24     1    81 182.958701   0.724067
   24     1    81 182.759491  -0.462026
   24     1    81 181.655699  -0.276278
   24     1    81 181.855442   0.910271
   24     2    82 182.557608  -1.660000
   24     2    82 182.757480  -0.474014
   24     2    82 181.653685  -0.288272
   24     2    82 181.453878  -1.474820
   24     3    83 180.254309  -1.271599
   24     3    83 180.454174  -0.085556
   24     3    83 181.557951  -0.271818
   24     3    83 181.357726  -1.458387
   24     4    84 180.656718   1.112364
   24     4    84 180.456194  -0.073569
   24     4    84 181.559976  -0.259826
   24     4    84 181.760189   0.926743
    1     1    85 190.898122  -9.546116
    1     1    85 190.942037  -9.268754
    1     1    85 190.650393  -9.223690
    1     1    85 190.606250  -9.501016
    5     1    86 192.308622   0.053185
    5     1    86 192.031496   0.097990
    5     1    86 191.984991  -0.189635
    5     1    86 192.262125  -0.234441
   21     1    87 181.194793  -8.069773
   21     1    87 181.474081  -8.118259
   21     1    87 181.524781  -7.831257
   21     1    87 181.245681  -7.782805
   25     1    88 182.716471   1.512255
   25     1    88 182.670335   1.235345
   25     1    88 182.957802   1.187450
   25     1    88 183.003971   1.464360
